synthetic_gravity.grd
ncols 61
nrows 61
xllcorner -25
yllcorner -25
cellsize 50
nodata_value 1.70141000000000007E+38
[rows 19 to 37 of 61, columns 0 to 41 of 61]
5.08099937438964844 5.75299930572509766 6.54599952697753906 7.48899936676025391 8.61499977111816406 9.97000026702880859 11.6079998016357422 13.5889997482299805 15.9479999542236328 18.5900001525878906 21.1930007934570313 23.4319992065429688 25.2080001831054688 26.5510005950927734 27.5100002288818359 28.1259994506835938 28.4290008544921875 28.4330005645751953 28.1429996490478516 27.5699996948242188 26.7590007781982422 25.8990001678466797 25.3519992828369141 25.3220005035400391 25.6490001678466797 26.0930004119873047 26.5020008087158203 26.7900009155273438 26.9099998474121094 26.8290004730224609 26.5259990692138672 25.9810009002685547 25.1819992065429688 24.1200008392333984 22.7889995574951172 21.1949996948242188 19.3700008392333984 17.4160003662109375 15.5450000762939453 14.0240001678466797 12.9860000610351563 12.4049997329711914
5.04599952697753906 5.70599937438964844 6.48399972915649414 7.40699958801269531 8.51000022888183594 9.83699989318847656 11.4420003890991211 13.3870000839233398 15.7069997787475586 18.3099994659423828 20.875 23.0809993743896484 24.8330001831054688 26.1590003967285156 27.1110000610351563 27.7329998016357422 28.0520000457763672 28.0839996337890625 27.8369998931884766 27.3209991455078125 26.5909996032714844 25.8419990539550781 25.4319992065429688 25.5069999694824219 25.8789997100830078 26.3349990844726563 26.7469997406005859 27.0389995574951172 27.1660003662109375 27.0970001220703125 26.8110008239746094 26.2900009155273438 25.5230007171630859 24.5020008087158203 23.2220001220703125 21.6889991760253906 19.9279994964599609 18.0189990997314453 16.1490001678466797 14.6180000305175781 13.616999626159668 13.1319999694824219
4.99699974060058594 5.6399993896484375 6.39799928665161133 7.29599952697753906 8.36800003051757813 9.65600013732910156 11.2159996032714844 13.1090002059936523 15.3730001449584961 17.9169998168945313 20.4249992370605469 22.582000732421875 24.292999267578125 25.5909996032714844 26.5270004272460938 27.1450004577636719 27.4729995727539063 27.5249996185302734 27.305999755859375 26.8220005035400391 26.1189994812011719 25.3740005493164063 24.9479999542236328 25.0330009460449219 25.4669990539550781 26.0079994201660156 26.4990005493164063 26.8579998016357422 27.0389995574951172 27.0100002288818359 26.7520008087158203 26.2490005493164063 25.4909992218017578 24.4699993133544922 23.1840000152587891 21.6439990997314453 19.8859996795654297 18.0189990997314453 16.2639999389648438 14.8990001678466797 14.0710000991821289 13.7700004577636719
4.93299961090087891 5.55699968338012695 6.28999948501586914 7.15699958801269531 8.18899917602539063 9.42800045013427734 10.9280004501342773 12.75 14.9329996109008789 17.3929996490478516 19.819000244140625 21.9029998779296875 23.5550003051757813 24.8099994659423828 25.7199993133544922 26.3269996643066406 26.6569995880126953 26.7220001220703125 26.5230007171630859 26.055999755859375 25.3479995727539063 24.5489997863769531 24.0139999389648438 24.0119991302490234 24.4729995727539063 25.1329994201660156 25.7689990997314453 26.2549991607666016 26.5340003967285156 26.5729999542236328 26.3530006408691406 25.8600006103515625 25.0860004425048828 24.0249996185302734 22.6800003051757813 21.0769996643066406 19.2980003356933594 17.5249996185302734 16.0030002593994141 14.9219999313354492 14.3570003509521484 14.3100004196166992
4.85699939727783203 5.4589996337890625 6.16299962997436523 6.99299955368041992 7.97699975967407227 9.154998779296875 10.5780000686645508 12.3039999008178711 14.3760004043579102 16.7150001525878906 19.0230007171630859 21.0030002593994141 22.5720005035400391 23.7679996490478516 24.6399993896484375 25.2290000915527344 25.5580005645751953 25.6350002288818359 25.457000732421875 25.0100002288818359 24.3040008544921875 23.4640007019042969 22.8229999542236328 22.6860008239746094 23.0739994049072266 23.7959995269775391 24.5849990844726563 25.2399997711181641 25.6560001373291016 25.7900009155273438 25.6180000305175781 25.1280002593994141 24.3129997253417969 23.1749992370605469 21.7350006103515625 20.0659999847412109 18.3360004425048828 16.7730007171630859 15.5570001602172852 14.7840003967285156 14.5019998550415039 14.7370004653930664
4.77199935913085938 5.34999942779541016 6.02199935913085938 6.80899953842163086 7.73799943923950195 8.84300041198730469 10.1700000762939453 11.7729997634887695 13.6909999847412109 15.8570003509521484 17.9950008392333984 19.8299999237060547 21.2900009155273438 22.4080009460449219 23.2329998016357422 23.7989997863769531 24.125 24.2169990539550781 24.0699996948242188 23.6650009155273438 22.9979991912841797 22.1739997863769531 21.4950008392333984 21.2530002593994141 21.5100002288818359 22.1690006256103516 23.0300006866455078 23.8419990539550781 24.4190006256103516 24.667999267578125 24.5520000457763672 24.055999755859375 23.1790008544921875 21.9419994354248047 20.4200000762939453 18.7749996185302734 17.2290000915527344 15.9519996643066406 15.0360002517700195 14.5380001068115234 14.5089998245239258 15.0039997100830078
4.680999755859375 5.23199939727783203 5.86999940872192383 6.61199951171875 7.47999954223632813 8.50300025939941406 9.71800041198730469 11.1680002212524414 12.8839998245239258 14.8090000152587891 16.7080001831054688 18.3490009307861328 19.6709995269775391 20.6979999542236328 21.4680004119873047 22.0069999694824219 22.3309993743896484 22.4449996948242188 22.3430004119873047 22.0090007781982422 21.4400005340576172 20.7180004119873047 20.0970001220703125 19.8250007629394531 19.9689998626708984 20.4860000610351563 21.2719993591308594 22.1410007476806641 22.8530006408691406 23.2250003814697266 23.1700000762939453 22.6599998474121094 21.7110004425048828 20.3999996185302734 18.8950004577636719 17.4200000762939453 16.1429996490478516 15.1499996185302734 14.4890003204345703 14.2049999237060547 14.3570003509521484 15.0220003128051758
4.58699989318847656 5.11199951171875 5.71499967575073242 6.40999937057495117 7.21599960327148438 8.15200042724609375 9.24600028991699219 10.5240001678466797 12 13.6219997406005859 15.2220001220703125 16.6329994201660156 17.7980003356933594 18.7269992828369141 19.4389991760253906 19.9519996643066406 20.2770004272460938 20.417999267578125 20.3729991912841797 20.1369991302490234 19.7150001525878906 19.1770000457763672 18.7049999237060547 18.4769992828369141 18.5540008544921875 18.9230003356933594 19.5400009155273438 20.3090000152587891 21.0450000762939453 21.5039997100830078 21.5039997100830078 20.9810009002685547 19.9909992218017578 18.7110004425048828 17.375 16.1609992980957031 15.1569995880126953 14.4049997329711914 13.939000129699707 13.8000001907348633 14.0439996719360352 14.7410001754760742
4.49199962615966797 4.99199962615966797 5.56199932098388672 6.21299934387207031 6.95799970626831055 7.81099939346313477 8.78800010681152344 9.89900016784667969 11.1400003433227539 12.4650001525878906 13.7729997634887695 14.9600000381469727 15.9759998321533203 16.8120002746582031 17.4720001220703125 17.9629993438720703 18.2910003662109375 18.4619998931884766 18.4769992828369141 18.3430004119873047 18.0779991149902344 17.7399997711181641 17.4400005340576172 17.2870006561279297 17.3299999237060547 17.5760002136230469 18.0060005187988281 18.5739994049072266 19.1779994964599609 19.6159992218017578 19.63800048828125 19.1270008087158203 18.1970005035400391 17.0939998626708984 16.0179996490478516 15.0710000991821289 14.3000001907348633 13.7370004653930664 13.4099998474121094 13.3549995422363281 13.6180000305175781 14.25
4.40100002288818359 4.87899971008300781 5.4179997444152832 6.02899932861328125 6.72099971771240234 7.50099945068359375 8.37599945068359375 9.34799957275390625 10.4040002822875977 11.5069999694824219 12.5979995727539063 13.6129999160766602 14.5120000839233398 15.2740001678466797 15.8940000534057617 16.3689994812011719 16.7040004730224609 16.9020004272460938 16.9710006713867188 16.9230003356933594 16.7819995880126953 16.5919990539550781 16.417999267578125 16.3220005035400391 16.3430004119873047 16.4899997711181641 16.7560005187988281 17.11199951171875 17.4969997406005859 17.7830009460449219 17.7649993896484375 17.3169994354248047 16.5650005340576172 15.7150001525878906 14.8959999084472656 14.1739997863769531 13.5869998931884766 13.1619997024536133 12.9270000457763672 12.9110002517700195 13.1490001678466797 13.6770000457763672
4.31699943542480469 4.77400016784667969 5.28800010681152344 5.86599969863891602 6.51399946212768555 7.23599958419799805 8.03499984741210938 8.90799903869628906 9.84000015258789063 10.8039999008178711 11.7620000839233398 12.6709995269775391 13.4980001449584961 14.2170000076293945 14.8149995803833008 15.2849998474121094 15.6280002593994141 15.8489999771118164 15.9569997787475586 15.9689998626708984 15.9069995880126953 15.8039999008178711 15.6999998092651367 15.6319999694824219 15.6269998550415039 15.6920003890991211 15.8249998092651367 16.0020008087158203 16.180999755859375 16.2810001373291016 16.1849994659423828 15.8249998092651367 15.2720003128051758 14.6450004577636719 14.0310001373291016 13.4799995422363281 13.0260000228881836 12.6969995498657227 12.5159997940063477 12.5089998245239258 12.6999998092651367 13.1160001754760742
4.23999977111816406 4.680999755859375 5.17599964141845703 5.72899961471557617 6.34499931335449219 7.0279994010925293 7.77699947357177734 8.58899879455566406 9.45199966430664063 10.3459997177124023 11.2440004348754883 12.1120004653930664 12.9169998168945313 13.6289997100830078 14.2290000915527344 14.7049999237060547 15.0579996109008789 15.2950000762939453 15.4270000457763672 15.4709997177124023 15.4499998092651367 15.3870000839233398 15.3090000152587891 15.2430000305175781 15.2040004730224609 15.1999998092651367 15.2259998321533203 15.2670001983642578 15.2930002212524414 15.2539997100830078 15.0970001220703125 14.7930002212524414 14.3739995956420898 13.8999996185302734 13.425999641418457 12.991999626159668 12.6280002593994141 12.3579998016357422 12.2019996643066406 12.1820001602172852 12.3159999847412109 12.6219997406005859
4.17199993133544922 4.60200023651123047 5.08300018310546875 5.61999940872192383 6.21699953079223633 6.87799930572509766 7.60299968719482422 8.3899993896484375 9.23099899291992188 10.1129999160766602 11.0139999389648438 11.9040002822875977 12.7430000305175781 13.4930000305175781 14.1230001449584961 14.6180000305175781 14.9809999465942383 15.2229995727539063 15.3610000610351563 15.4130001068115234 15.3999996185302734 15.3430004119873047 15.2609996795654297 15.1739997863769531 15.0930004119873047 15.0240001678466797 14.9639997482299805 14.9020004272460938 14.8199996948242188 14.6899995803833008 14.4890003204345703 14.2049999237060547 13.8540000915527344 13.4659996032714844 13.0769996643066406 12.7139997482299805 12.4020004272460938 12.1599998474121094 12.0069999694824219 11.9580001831054688 12.0279998779296875 12.2290000915527344
4.11399936676025391 4.53699970245361328 5.01000022888183594 5.53999948501586914 6.12999963760375977 6.78499937057495117 7.50899934768676758 8.30200004577636719 9.16300010681152344 10.0830001831054688 11.0489997863769531 12.0299997329711914 12.9759998321533203 13.8219995498657227 14.5150003433227539 15.0389995574951172 15.4069995880126953 15.6409997940063477 15.7639999389648438 15.7980003356933594 15.7659997940063477 15.685999870300293 15.5749998092651367 15.4479999542236328 15.3149995803833008 15.1800003051757813 15.0430002212524414 14.8979997634887695 14.7329998016357422 14.5349998474121094 14.2930002212524414 14.0039997100830078 13.675999641418457 13.3269996643066406 12.9779996871948242 12.6490001678466797 12.3579998016357422 12.119999885559082 11.9510002136230469 11.8610000610351563 11.8620004653930664 11.9630002975463867
4.06400012969970703 4.48400020599365234 4.95599937438964844 5.48599958419799805 6.07999944686889648 6.74499940872192383 7.48699951171875 8.31299972534179688 9.22699928283691406 10.2329998016357422 11.3260002136230469 12.4840002059936523 13.6389999389648438 14.6649999618530273 15.4600000381469727 16.0189990997314453 16.3799991607666016 16.5849990844726563 16.6669998168945313 16.6560001373291016 16.5760002136230469 16.4459991455078125 16.2810001373291016 16.0949993133544922 15.8959999084472656 15.6899995803833008 15.4759998321533203 15.2530002593994141 15.0139999389648438 14.7530002593994141 14.4659996032714844 14.1529998779296875 13.8179998397827148 13.4720001220703125 13.130000114440918 12.8039999008178711 12.508000373840332 12.255000114440918 12.0530004501342773 11.9130001068115234 11.8420000076293945 11.8459997177124023
4.02199935913085938 4.44299983978271484 4.91800022125244141 5.45399951934814453 6.06099939346313477 6.74699974060058594 7.52399969100952148 8.40399932861328125 9.40200042724609375 10.5329999923706055 11.8129997253417969 13.2399997711181641 14.7329998016357422 16.0510005950927734 17.0009994506835938 17.6070003509521484 17.9510002136230469 18.1060009002685547 18.1229991912841797 18.0380001068115234 17.8810005187988281 17.6720008850097656 17.4270000457763672 17.1599998474121094 16.8780002593994141 16.5869998931884766 16.2880001068115234 15.9820003509521484 15.6660003662109375 15.3369998931884766 14.9940004348754883 14.6370000839233398 14.2709999084472656 13.9029998779296875 13.5399999618530273 13.194000244140625 12.8719997406005859 12.5839996337890625 12.3360004425048828 12.1359996795654297 11.9890003204345703 11.8970003128051758
3.98600006103515625 4.40999984741210938 4.89200019836425781 5.43999958038330078 6.06599950790405273 6.78299951553344727 7.60599946975708008 8.555999755859375 9.65799999237060547 10.9429998397827148 12.4510002136230469 14.2030000686645508 16.0970001220703125 17.7660007476806641 18.9419994354248047 19.6639995574951172 20.0459995269775391 20.1830005645751953 20.1439990997314453 19.9810009002685547 19.7310009002685547 19.4220008850097656 19.0739994049072266 18.7019996643066406 18.3150005340576172 17.9209995269775391 17.5219993591308594 17.1200008392333984 16.7140007019042969 16.3029994964599609 15.8879995346069336 15.4700002670288086 15.050999641418457 14.6359996795654297 14.2299995422363281 13.8400001525878906 13.4720001220703125 13.133000373840332 12.8260002136230469 12.555999755859375 12.3269996643066406 12.1389999389648438
3.95300006866455078 4.38199996948242188 4.87300014495849609 5.43599939346313477 6.08599948883056641 6.83899974822998047 7.71599960327148438 8.74600028991699219 9.96399974822998047 11.4169998168945313 13.1639995574951172 15.2349996566772461 17.4650001525878906 19.4069995880126953 20.8080005645751953 21.7180004119873047 22.2469997406005859 22.4860000610351563 22.5009994506835938 22.3439998626708984 22.0599994659423828 21.6840000152587891 21.2450008392333984 20.7660007476806641 20.2649993896484375 19.7520008087158203 19.2360000610351563 18.7189998626708984 18.2049999237060547 17.694000244140625 17.1870002746582031 16.6840000152587891 16.1889991760253906 15.7040004730224609 15.2320003509521484 14.7770004272460938 14.3439998626708984 13.935999870300293 13.5550003051757813 13.2049999237060547 12.8859996795654297 12.5979995727539063
3.92099952697753906 4.35599994659423828 4.85699939727783203 5.43599939346313477 6.11199951171875 6.9029994010925293 7.83799934387207031 8.95100021362304688 10.2880001068115234 11.9099998474121094 13.8879995346069336 16.2329998016357422 18.6900005340576172 20.7859992980957031 22.3390007019042969 23.4139995574951172 24.1110000610351563 24.51300048828125 24.6779994964599609 24.6520004272460938 24.4689998626708984 24.1550006866455078 23.73699951171875 23.2380008697509766 22.6790008544921875 22.0809993743896484 21.4589996337890625 20.8269996643066406 20.194000244140625 19.5650005340576172 18.9449996948242188 18.3349990844726563 17.7390003204345703 17.1590003967285156 16.5960006713867188 16.0540008544921875 15.5329999923706055 15.0369997024536133 14.5659999847412109 14.1210002899169922 13.7019996643066406 13.3070001602172852
