synthetic_gravity.grd
ncols 61
nrows 61
xllcorner -25
yllcorner -25
cellsize 50
nodata_value 1.70141000000000007E+38
[rows 0 to 18 of 61, columns 0 to 41 of 61]
2.68499946594238281 2.94299983978271484 3.22999954223632813 3.54999923706054688 3.90399932861328125 4.29300022125244141 4.71599960327148438 5.16599941253662109 5.63299942016601563 6.09999942779541016 6.54499959945678711 6.94699954986572266 7.28699970245361328 7.55299949645996094 7.73799943923950195 7.83699941635131836 7.84999942779541016 7.77699947357177734 7.62199974060058594 7.39099931716918945 7.0969996452331543 6.75699949264526367 6.39299964904785156 6.02399969100952148 5.66699934005737305 5.33199930191040039 5.02499961853027344 4.74399948120117188 4.48999977111816406 4.25899982452392578 4.04899978637695313 3.85699939727783203 3.67899990081787109 3.51399993896484375 3.36100006103515625 3.21700000762939453 3.08199977874755859 2.95599937438964844 2.83699989318847656 2.72399997711181641 2.61899948120117188 2.51900005340576172
2.88099956512451172 3.17399978637695313 3.50399971008300781 3.87599945068359375 4.29399967193603516 4.76099967956542969 5.27899932861328125 5.84299945831298828 6.44099950790405273 7.04699945449829102 7.62899971008300781 8.15200042724609375 8.59000015258789063 8.92700004577636719 9.15699958801269531 9.27700042724609375 9.28499984741210938 9.18199920654296875 8.97099876403808594 8.65799903869628906 8.25899887084960938 7.79799938201904297 7.30899953842163086 6.82399940490722656 6.36799955368041992 5.95199966430664063 5.57799959182739258 5.24399948120117188 4.94699954986572266 4.680999755859375 4.44099998474121094 4.2220001220703125 4.02199935913085938 3.83599948883056641 3.66300010681152344 3.50199985504150391 3.35099983215332031 3.2089996337890625 3.07499980926513672 2.94999980926513672 2.83299922943115234 2.72199916839599609
3.08299922943115234 3.41399955749511719 3.78999996185302734 4.21999931335449219 4.71000003814697266 5.26900005340576172 5.90199947357177734 6.60999965667724609 7.38099956512451172 8.180999755859375 8.95400047302246094 9.64000034332275391 10.2049999237060547 10.6309995651245117 10.9160003662109375 11.0600004196166992 11.0620002746582031 10.9219999313354492 10.6389999389648438 10.2189998626708984 9.67399978637695313 9.03999900817871094 8.375 7.73499965667724609 7.15199947357177734 6.63699960708618164 6.18699932098388672 5.79399967193603516 5.44999933242797852 5.14599990844726563 4.87399959564208984 4.62799930572509766 4.4029998779296875 4.19399929046630859 4 3.81899929046630859 3.64899921417236328 3.48899936676025391 3.33999919891357422 3.19899940490722656 3.06899929046630859 2.94600009918212891
3.28899955749511719 3.65899944305419922 4.08500003814697266 4.57699966430664063 5.14599990844726563 5.805999755859375 6.57299947738647461 7.45699930191040039 8.45400047302246094 9.52000045776367188 10.5539999008178711 11.4560003280639648 12.1780004501342773 12.7119998931884766 13.060999870300293 13.2329998016357422 13.2270002365112305 13.0430002212524414 12.6750001907348633 12.1180000305175781 11.3780002593994141 10.505000114440918 9.59599971771240234 8.75099945068359375 8.01399993896484375 7.38499975204467773 6.85099935531616211 6.39599943161010742 6.00399971008300781 5.66099929809570313 5.35599946975708008 5.08099937438964844 4.82899951934814453 4.59499931335449219 4.37699985504150391 4.17299938201904297 3.98099994659423828 3.80099964141845703 3.63299942016601563 3.47599983215332031 3.32899951934814453 3.19299983978271484
3.49599933624267578 3.90599918365478516 4.38299942016601563 4.93799972534179688 5.58999967575073242 6.35999965667724609 7.27099943161010742 8.35299873352050781 9.61800003051757813 11.0150003433227539 12.3780002593994141 13.5369997024536133 14.439000129699707 15.0909996032714844 15.5120000839233398 15.7130002975463867 15.7010002136230469 15.4700002670288086 15.008000373840332 14.2950000762939453 13.3229999542236328 12.1470003128051758 10.9329996109008789 9.8470001220703125 8.93700027465820313 8.18700027465820313 7.56799936294555664 7.05099964141845703 6.61099958419799805 6.22999954223632813 5.89299964904785156 5.58799934387207031 5.30699968338012695 5.04599952697753906 4.80099964141845703 4.56999969482421875 4.35299968719482422 4.14900016784667969 3.9589996337890625 3.78199958801269531 3.61800003051757813 3.46700000762939453
3.69999980926513672 4.14999961853027344 4.67700004577636719 5.29699993133544922 6.03199958801269531 6.90899944305419922 7.96599960327148438 9.24600028991699219 10.7790002822875977 12.508000373840332 14.1979999542236328 15.6160001754760742 16.6989994049072266 17.4699993133544922 17.9619998931884766 18.1959991455078125 18.1790008544921875 17.9029998779296875 17.3490009307861328 16.4839992523193359 15.2840003967285156 13.8100004196166992 12.2959995269775391 10.9739999771118164 9.89700031280517578 9.03400039672851563 8.33600044250488281 7.76199960708618164 7.27999973297119141 6.86499929428100586 6.49699974060058594 6.16199970245361328 5.84999942779541016 5.55699968338012695 5.27999973297119141 5.01799964904785156 4.77099990844726563 4.53899955749511719 4.32299995422363281 4.12300014495849609 3.93899917602539063 3.76999950408935547
3.89799976348876953 4.38700008392333984 4.96299934387207031 5.64399957656860352 6.45699930191040039 7.43599939346313477 8.6269989013671875 10.0819997787475586 11.8409996032714844 13.8360004425048828 15.7889995574951172 17.4239997863769531 18.6660003662109375 19.5470008850097656 20.1070003509521484 20.3729991912841797 20.3540000915527344 20.0419998168945313 19.4109992980957031 18.4190006256103516 17.0370006561279297 15.3360004425048828 13.5939998626708984 12.0850000381469727 10.8730001449584961 9.9160003662109375 9.15399932861328125 8.53599929809570313 8.02199935913085938 7.57899951934814453 7.18299961090087891 6.81799936294555664 6.47299957275390625 6.14299964904785156 5.82699966430664063 5.52699947357177734 5.24300003051757813 4.97599983215332031 4.72900009155273438 4.50199985504150391 4.29399967193603516 4.10499954223632813
4.08699989318847656 4.61299991607666016 5.23299980163574219 5.97099971771240234 6.85599946975708008 7.92599964141845703 9.23099899291992188 10.8299999237060547 12.7629995346069336 14.9519996643066406 17.0970001220703125 18.8980007171630859 20.2700004577636719 21.2439994812011719 21.8659992218017578 22.1630001068115234 22.1480007171630859 21.8099994659423828 21.1219997406005859 20.0389995574951172 18.5310001373291016 16.6819992065429688 14.7919998168945313 13.1560001373291016 11.8500003814697266 10.8290004730224609 10.0270004272460938 9.38399982452392578 8.85199928283691406 8.39299964904785156 7.97499942779541016 7.57899951934814453 7.19499969482421875 6.81999969482421875 6.45699930191040039 6.10799932479858398 5.7779994010925293 5.46899938583374023 5.18499946594238281 4.92500019073486328 4.68900012969970703 4.47799968719482422
4.2649993896484375 4.82399940490722656 5.48499965667724609 6.27399969100952148 7.22099971771240234 8.36800003051757813 9.76700019836425781 11.4799995422363281 13.5439996719360352 15.8730001449584961 18.1560001373291016 20.0809993743896484 21.5550003051757813 22.6070003509521484 23.2819995880126953 23.6100006103515625 23.6040000915527344 23.2530002593994141 22.5289993286132813 21.3889999389648438 19.8040008544921875 17.8680000305175781 15.8920001983642578 14.185999870300293 12.8299999237060547 11.7799997329711914 10.9670000076293945 10.3249998092651367 9.79800033569335938 9.33800029754638672 8.90600013732910156 8.47900009155273438 8.04699897766113281 7.61299943923950195 7.18699932098388672 6.77599954605102539 6.38699960708618164 6.02599954605102539 5.69499969482421875 5.39599943161010742 5.12799930572509766 4.8899993896484375
4.42799949645996094 5.01700019836425781 5.71399974822998047 6.54699945449829102 7.54699945449829102 8.75799942016601563 10.2340002059936523 12.0340003967285156 14.1960000991821289 16.6280002593994141 19.0139999389648438 21.0310001373291016 22.5849990844726563 23.7000007629394531 24.4209995269775391 24.7789993286132813 24.7859992980957031 24.4349994659423828 23.6949996948242188 22.5270004272460938 20.9050006866455078 18.9279994964599609 16.9160003662109375 15.1840000152587891 13.8210000991821289 12.7810001373291016 11.9930000305175781 11.3870000839233398 10.8970003128051758 10.4610004425048828 10.0270004272460938 9.56299972534179688 9.06599998474121094 8.55200004577636719 8.03999900817871094 7.54599952697753906 7.08199930191040039 6.65399932861328125 6.26599931716918945 5.91999959945678711 5.61399936676025391 5.3469996452331543
4.57499980926513672 5.18999958038330078 5.91899967193603516 6.78799962997436523 7.83299970626831055 9.09599876403808594 10.6309995651245117 12.5 14.7360000610351563 17.2450008392333984 19.7059993743896484 21.7940006256103516 23.4090003967285156 24.5760002136230469 25.3379993438720703 25.7259998321533203 25.7520008087158203 25.4099998474121094 24.6730003356933594 23.5009994506835938 21.8729991912841797 19.8920001983642578 17.8829994201660156 16.167999267578125 14.8369998931884766 13.8479995727539063 13.1280002593994141 12.6040000915527344 12.199000358581543 11.8290004730224609 11.4130001068115234 10.9010000228881836 10.305999755859375 9.67300033569335938 9.0410003662109375 8.43700027465820313 7.8749995231628418 7.36299943923950195 6.90499973297119141 6.5019993782043457 6.15199947357177734 5.85199975967407227
4.70599937438964844 5.34199953079223633 6.0969996452331543 6.99699974060058594 8.07699966430664063 9.38199996948242188 10.9639997482299805 12.8850002288818359 15.175999641418457 17.7430000305175781 20.2609996795654297 22.4039993286132813 24.0680007934570313 25.2779998779296875 26.0760002136230469 26.4930000305175781 26.5440006256103516 26.2210006713867188 25.5009994506835938 24.3449993133544922 22.73699951171875 20.7830009460449219 18.8129997253417969 17.1520004272460938 15.8940000534057617 15.0010004043579102 14.3999996185302734 14.0159997940063477 13.7609996795654297 13.5220003128051758 13.1549997329711914 12.5710000991821289 11.8229999542236328 11.0159997940063477 10.2180004119873047 9.46599960327148438 8.7779998779296875 8.16099929809570313 7.61699962615966797 7.14599943161010742 6.74499940872192383 6.40799951553344727
4.81799983978271484 5.4719996452331543 6.24799966812133789 7.17199945449829102 8.28100013732910156 9.61699962615966797 11.2360000610351563 13.1949996948242188 15.5290002822875977 18.1399993896484375 20.7010002136230469 22.8850002288818359 24.5890007019042969 25.8339996337890625 26.6639995574951172 27.11199951171875 27.1909999847412109 26.8959999084472656 26.2059993743896484 25.0849990844726563 23.5189990997314453 21.6200008392333984 19.7210006713867188 18.1509990692138672 17.0090007781982422 16.2590007781982422 15.8339996337890625 15.6540002822875977 15.619999885559082 15.5729999542236328 15.2849998474121094 14.6090002059936523 13.6549997329711914 12.6120004653930664 11.5939998626708984 10.6520004272460938 9.80399990081787109 9.05500030517578125 8.40699958801269531 7.85499954223632813 7.39399957656860352 7.01699972152709961
4.91199970245361328 5.57999944686889648 6.37199974060058594 7.31499958038330078 8.444000244140625 9.80399990081787109 11.449000358581543 13.4379997253417969 15.8030004501342773 18.4449996948242188 21.0380001068115234 23.2539997100830078 24.9890003204345703 26.2649993896484375 27.125 27.6030006408691406 27.7129993438720703 27.4540004730224609 26.8040008544921875 25.7339992523193359 24.2320003509521484 22.4139995574951172 20.6170005798339844 19.1760005950927734 18.194000244140625 17.6389999389648438 17.4430007934570313 17.5209999084472656 17.7360000610351563 17.8600006103515625 17.6229991912841797 16.8899993896484375 15.7600002288818359 14.4619998931884766 13.1829996109008789 12.0059995651245117 10.9600000381469727 10.050999641418457 9.27599906921386719 8.62899971008300781 8.10000038146972656 7.67999935150146484
4.98699951171875 5.66499948501586914 6.46799945831298828 7.42399930953979492 8.56799888610839844 9.94499969482421875 11.6079998016357422 13.616999626159668 16.0020008087158203 18.6669998168945313 21.2840003967285156 23.5240001678466797 25.2830009460449219 26.5839996337890625 27.4710006713867188 27.9780006408691406 28.1229991912841797 27.9039993286132813 27.305999755859375 26.2999992370605469 24.8810005187988281 23.1700000762939453 21.5079994201660156 20.2360000610351563 19.4589996337890625 19.1469993591308594 19.2220001220703125 19.5590000152587891 19.9479999542236328 20.1240005493164063 19.8859996795654297 19.1569995880126953 17.9769992828369141 16.5090007781982422 14.9750003814697266 13.5340003967285156 12.2539997100830078 11.1529998779296875 10.2259998321533203 9.46599960327148438 8.86100006103515625 8.39599990844726563
5.04300022125244141 5.72699975967407227 6.53699970245361328 7.50099945068359375 8.65399932861328125 10.0399999618530273 11.7139997482299805 13.7340002059936523 16.1319999694824219 18.8110008239746094 21.4419994354248047 23.6979999542236328 25.4759998321533203 26.7970008850097656 27.7080001831054688 28.2439994812011719 28.4239997863769531 28.2509994506835938 27.7110004425048828 26.7830009460449219 25.4659996032714844 23.8869991302490234 22.3939990997314453 21.332000732421875 20.8050003051757813 20.7719993591308594 21.1100006103515625 21.6149997711181641 22.0310001373291016 22.1580009460449219 21.8950004577636719 21.2010002136230469 20.0799999237060547 18.5979995727539063 16.9099998474121094 15.2220001220703125 13.6850004196166992 12.3579998016357422 11.2530002593994141 10.3620004653930664 9.67000007629394531 9.15999984741210938
5.07999992370605469 5.76699972152709961 6.57899951934814453 7.54599952697753906 8.70100021362304688 10.0900001525878906 11.7670001983642578 13.7910003662109375 16.194000244140625 18.8770008087158203 21.5149993896484375 23.7800006866455078 25.569000244140625 26.9060001373291016 27.8379993438720703 28.3999996185302734 28.6159992218017578 28.4909992218017578 28.0149993896484375 27.1739997863769531 25.9759998321533203 24.5550003051757813 23.2670001983642578 22.4559993743896484 22.2140007019042969 22.4510002136230469 22.9599990844726563 23.4810009002685547 23.8180007934570313 23.8659992218017578 23.5769996643066406 22.9260005950927734 21.9029998779296875 20.5200004577636719 18.8379993438720703 17.0069999694824219 15.2299995422363281 13.6560001373291016 12.3439998626708984 11.3020000457763672 10.5159997940063477 9.96199989318847656
5.09799957275390625 5.78399944305419922 6.59399938583374023 7.55799961090087891 8.71100044250488281 10.0959997177124023 11.7679996490478516 13.7869997024536133 16.1849994659423828 18.8659992218017578 21.5020008087158203 23.7679996490478516 25.5620002746582031 26.9080009460449219 27.8549995422363281 28.4409999847412109 28.6900005340576172 28.61199951171875 28.2040004730224609 27.4559993743896484 26.3889999389648438 25.1499996185302734 24.1019992828369141 23.5760002136230469 23.6130008697509766 24.0319995880126953 24.5629997253417969 25.0020008087158203 25.23699951171875 25.2159996032714844 24.9109992980957031 24.3010005950927734 23.3719997406005859 22.1180000305175781 20.5499992370605469 18.7320003509521484 16.8159999847412109 15.0129995346069336 13.4750003814697266 12.2629995346069336 11.3769998550415039 10.7869997024536133
5.09799957275390625 5.77899932861328125 6.58299970626831055 7.53899955749511719 8.68199920654296875 10.055999755859375 11.7159996032714844 13.7209997177124023 16.1049995422363281 18.7719993591308594 21.3980007171630859 23.6550006866455078 25.4449996948242188 26.7940006256103516 27.7509994506835938 28.3549995422363281 28.6340007781982422 28.6000003814697266 28.2560005187988281 27.6009998321533203 26.6690006256103516 25.6270008087158203 24.8400001525878906 24.5960006713867188 24.8349990844726563 25.2999992370605469 25.7670001983642578 26.1110000610351563 26.2679996490478516 26.2040004730224609 25.8929996490478516 25.319000244140625 24.4659996032714844 23.3239994049072266 21.8910007476806641 20.1830005645751953 18.2740001678466797 16.3309993743896484 14.5850000381469727 13.1979999542236328 12.2180004119873047 11.6120004653930664
