synthetic_gravity.grd
ncols 61
nrows 61
xllcorner -25
yllcorner -25
cellsize 50
nodata_value 1.70141000000000007E+38
[rows 38 to 56 of 61, columns 0 to 41 of 61]
3.88599967956542969 4.32699966430664063 4.83699989318847656 5.43299961090087891 6.13399934768676758 6.96299934387207031 7.95399951934814453 9.14799880981445313 10.6009998321533203 12.3859996795654297 14.574000358581543 17.1359996795654297 19.7199993133544922 21.8810005187988281 23.5160007476806641 24.7010002136230469 25.5279998779296875 26.0729999542236328 26.3899993896484375 26.5200004577636719 26.4909992218017578 26.3269996643066406 26.0450000762939453 25.6590003967285156 25.1840000152587891 24.6310005187988281 24.0139999389648438 23.3470001220703125 22.6459999084472656 21.9249992370605469 21.1979999542236328 20.4740009307861328 19.7609996795654297 19.0650005340576172 18.38800048828125 17.7329998016357422 17.1019992828369141 16.4960002899169922 15.9149999618530273 15.3579998016357422 14.824000358581543 14.3100004196166992
3.84699916839599609 4.29099941253662109 4.80999946594238281 5.41999959945678711 6.14199972152709961 7.00599956512451172 8.04800033569335938 9.31700038909912109 10.8789997100830078 12.8129997253417969 15.1870002746582031 17.9050006866455078 20.5330009460449219 22.6989994049072266 24.3649997711181641 25.6149997711181641 26.5330009460449219 27.1870002746582031 27.6270008087158203 27.88800048828125 28.0009994506835938 27.9839992523193359 27.8540000915527344 27.6229991912841797 27.2989997863769531 26.8899993896484375 26.4020004272460938 25.8400001525878906 25.2129993438720703 24.5270004272460938 23.7940006256103516 23.0270004272460938 22.2390003204345703 21.444000244140625 20.6539993286132813 19.8770008087158203 19.1200008392333984 18.3840007781982422 17.6720008850097656 16.9820003509521484 16.3139991760253906 15.6649999618530273
3.79999923706054688 4.24599933624267578 4.76999950408935547 5.38899946212768555 6.12899971008300781 7.01999950408935547 8.10400009155273438 9.43900012969970703 11.0959997177124023 13.1639995574951172 15.6909999847412109 18.4990005493164063 21.1079998016357422 23.2380008697509766 24.9029998779296875 26.1860008239746094 27.1660003662109375 27.9009990692138672 28.4360008239746094 28.805999755859375 29.0359992980957031 29.1450004577636719 29.1480007171630859 29.055999755859375 28.8780002593994141 28.6189994812011719 28.2849998474121094 27.8780002593994141 27.4009990692138672 26.8570003509521484 26.2479991912841797 25.5790004730224609 24.8540000915527344 24.0809993743896484 23.2700004577636719 22.4349994659423828 21.5860004425048828 20.7350006103515625 19.8910007476806641 19.0599994659423828 18.2439994812011719 17.4409999847412109
3.74199962615966797 4.18799972534179688 4.71199989318847656 5.33599948883056641 6.0839996337890625 6.99299955368041992 8.10799980163574219 9.49199962615966797 11.2270002365112305 13.4049997329711914 16.0470008850097656 18.8770008087158203 21.4169998168945313 23.4860000610351563 25.1280002593994141 26.4249992370605469 27.4459991455078125 28.2430000305175781 28.8560009002685547 29.3159999847412109 29.6450004577636719 29.8610000610351563 29.9790000915527344 30.0079994201660156 29.9559993743896484 29.8299999237060547 29.6340007781982422 29.3710002899169922 29.0419998168945313 28.6509990692138672 28.1970005035400391 27.680999755859375 27.1040000915527344 26.4669990539550781 25.7700004577636719 25.0170001983642578 24.2119998931884766 23.3610000610351563 22.4729995727539063 21.5569992065429688 20.6240005493164063 19.6790008544921875
3.67399978637695313 4.11399936676025391 4.63399982452392578 5.25500011444091797 6.00299930572509766 6.91599941253662109 8.042999267578125 9.45600032806396484 11.2430000305175781 13.5 16.2029991149902344 18.98699951171875 21.4230003356933594 23.4139995574951172 25.0219993591308594 26.3220005035400391 27.3729991912841797 28.2220001220703125 28.9029998779296875 29.4409999847412109 29.8589992523193359 30.1709995269775391 30.3899993896484375 30.5259990692138672 30.5869998931884766 30.5769996643066406 30.5020008087158203 30.3649997711181641 30.167999267578125 29.9130001068115234 29.6000003814697266 29.2290000915527344 28.8010005950927734 28.3139991760253906 27.7689990997314453 27.1630001068115234 26.4950008392333984 25.7649993896484375 24.9710006713867188 24.1140003204345703 23.1949996948242188 22.2169990539550781
3.59200000762939453 4.02400016784667969 4.53399944305419922 5.14299964904785156 5.87899971008300781 6.77999973297119141 7.89899969100952148 9.30900001525878906 11.1110000610351563 13.3970003128051758 16.0890007019042969 18.7619991302490234 21.0680007934570313 22.9750003814697266 24.5470008850097656 25.8479995727539063 26.9279994964599609 27.8260002136230469 28.5709991455078125 29.1849994659423828 29.6860008239746094 30.0890007019042969 30.4029998779296875 30.6389999389648438 30.8029994964599609 30.9009990692138672 30.9370002746582031 30.9130001068115234 30.8330001831054688 30.6979999542236328 30.5090007781982422 30.2660007476806641 29.9699993133544922 29.6189994812011719 29.2110004425048828 28.7469997406005859 28.2220001220703125 27.6329994201660156 26.9780006408691406 26.2520008087158203 25.4500007629394531 24.5680007934570313
3.49799919128417969 3.91599941253662109 4.40999984741210938 4.99899959564208984 5.71099948883056641 6.58199930191040039 7.66399955749511719 9.03199958801269531 10.7899999618530273 13.0260000228881836 15.6110000610351563 18.1100006103515625 20.2730007171630859 22.0990009307861328 23.6420001983642578 24.9529991149902344 26.069000244140625 27.0230007171630859 27.8369998931884766 28.5300006866455078 29.1170005798339844 29.6110000610351563 30.0209999084472656 30.3549995422363281 30.6210002899169922 30.8209991455078125 30.9619998931884766 31.0459995269775391 31.0750007629394531 31.0510005950927734 30.9750003814697266 30.8470001220703125 30.667999267578125 30.4370002746582031 30.1509990692138672 29.8110008239746094 29.4120006561279297 28.9510002136230469 28.4249992370605469 27.8269996643066406 27.1520004272460938 26.3910007476806641
3.39199924468994141 3.79199981689453125 4.26399993896484375 4.82499980926513672 5.50099945068359375 6.32299947738647461 7.33899974822998047 8.61699867248535156 10.2480001449584961 12.3090000152587891 14.6549997329711914 16.9239997863769531 18.9400005340576172 20.6979999542236328 22.2299995422363281 23.5669994354248047 24.7360000610351563 25.7590007781982422 26.6539993286132813 27.4370002746582031 28.1200008392333984 28.7129993438720703 29.2240009307861328 29.6620006561279297 30.0310001373291016 30.3369998931884766 30.5839996337890625 30.7740001678466797 30.9099998474121094 30.9930000305175781 31.0249996185302734 31.0060005187988281 30.9370002746582031 30.8150005340576172 30.6410007476806641 30.4120006561279297 30.1259994506835938 29.7779998779296875 29.3640003204345703 28.8789997100830078 28.3150005340576172 27.6630001068115234
3.27399921417236328 3.6529998779296875 4.09799957275390625 4.625 5.25299930572509766 6.01199960708618164 6.93699932098388672 8.08099937438964844 9.50500011444091797 11.25 13.2159996032714844 15.1850004196166992 17.0289993286132813 18.7140007019042969 20.2399997711181641 21.6170005798339844 22.8540000915527344 23.9650001525878906 24.9589996337890625 25.8490009307861328 26.6420001983642578 27.3479995727539063 27.9740009307861328 28.5259990692138672 29.0090007781982422 29.4279994964599609 29.7870006561279297 30.0879993438720703 30.3339996337890625 30.5270004272460938 30.667999267578125 30.7569999694824219 30.7940006256103516 30.7800006866455078 30.7110004425048828 30.5879993438720703 30.4060001373291016 30.1620006561279297 29.8509998321533203 29.4669990539550781 29.0009994506835938 28.4430007934570313
3.14799976348876953 3.50299930572509766 3.91699981689453125 4.40399932861328125 4.97900009155273438 5.66399955749511719 6.48399972915649414 7.47299957275390625 8.66099929809570313 10.0550003051757813 11.6040000915527344 13.2080001831054688 14.7889995574951172 16.3129997253417969 17.7619991302490234 19.1280002593994141 20.4069995880126953 21.5960006713867188 22.6930007934570313 23.6989994049072266 24.6180000305175781 25.4540004730224609 26.2110004425048828 26.8939990997314453 27.5060005187988281 28.0520000457763672 28.5359992980957031 28.9589996337890625 29.3250007629394531 29.6350002288818359 29.8899993896484375 30.0919990539550781 30.2399997711181641 30.3339996337890625 30.3729991912841797 30.3540000915527344 30.2759990692138672 30.1319999694824219 29.9200000762939453 29.6299991607666016 29.2549991607666016 28.7840003967285156
3.01399993896484375 3.34399986267089844 3.72499942779541016 4.16899967193603516 4.68799972534179688 5.29599952697753906 6.01099967956542969 6.84999942779541016 7.82499933242797852 8.9329986572265625 10.1440000534057617 11.4119997024536133 12.6969995498657227 13.9720001220703125 15.2270002365112305 16.4540004730224609 17.6509990692138672 18.8129997253417969 19.9349994659423828 21.0100002288818359 22.0289993286132813 22.9860000610351563 23.8780002593994141 24.7019996643066406 25.4589996337890625 26.1480007171630859 26.7730007171630859 27.3349990844726563 27.8349990844726563 28.2759990692138672 28.6590003967285156 28.9839992523193359 29.2530002593994141 29.4640007019042969 29.6159992218017578 29.707000732421875 29.7360000610351563 29.6959991455078125 29.5830001831054688 29.3889999389648438 29.1049995422363281 28.7180004119873047
2.87599945068359375 3.17899990081787109 3.5279998779296875 3.92899990081787109 4.39200019836425781 4.92599964141845703 5.5429997444152832 6.2499995231628418 7.05199956893920898 7.94199943542480469 8.904998779296875 9.91499996185302734 10.9479999542236328 11.9890003204345703 13.0270004272460938 14.0579996109008789 15.0819997787475586 16.0979995727539063 17.1089992523193359 18.1130008697509766 19.1060009002685547 20.0849990844726563 21.0400009155273438 21.9619998931884766 22.8409996032714844 23.6700000762939453 24.4419994354248047 25.1539993286132813 25.8050003051757813 26.3929996490478516 26.9200000762939453 27.3859996795654297 27.7889995574951172 28.1310005187988281 28.4090003967285156 28.6219997406005859 28.7670001983642578 28.8400001525878906 28.8349990844726563 28.7430000305175781 28.555999755859375 28.2579994201660156
2.73600006103515625 3.01299953460693359 3.32899951934814453 3.68799972534179688 4.09899997711181641 4.56599998474121094 5.09499931335449219 5.69199943542480469 6.35599946975708008 7.08199930191040039 7.85999965667724609 8.67599868774414063 9.51500034332275391 10.3649997711181641 11.2189998626708984 12.0729999542236328 12.925999641418457 13.7790002822875977 14.633000373840332 15.4899997711181641 16.3530006408691406 17.2229995727539063 18.1000003814697266 18.9810009002685547 19.86199951171875 20.7360000610351563 21.5909996032714844 22.4160003662109375 23.2000007629394531 23.9360008239746094 24.6149997711181641 25.2339992523193359 25.7889995574951172 26.2789993286132813 26.7010002136230469 27.0520000457763672 27.3299999237060547 27.5300006866455078 27.6459999084472656 27.6700000762939453 27.5919990539550781 27.3950004577636719
2.59599971771240234 2.84799957275390625 3.13199996948242188 3.45300006866455078 3.81499958038330078 4.2220001220703125 4.67700004577636719 5.18200016021728516 5.73599958419799805 6.33599948883056641 6.9739995002746582 7.64199972152709961 8.32999992370605469 9.029998779296875 9.73700046539306641 10.4460000991821289 11.1569995880126953 11.8680000305175781 12.5819997787475586 13.3000001907348633 14.0229997634887695 14.755000114440918 15.4980001449584961 16.2530002593994141 17.0219993591308594 17.8050003051757813 18.6000003814697266 19.4029998779296875 20.207000732421875 21.0030002593994141 21.7779998779296875 22.5189990997314453 23.2150001525878906 23.8549995422363281 24.430999755859375 24.9360008239746094 25.3649997711181641 25.7119998931884766 25.9680004119873047 26.1270008087158203 26.1760005950927734 26.0990009307861328
2.45799922943115234 2.68599987030029297 2.94199943542480469 3.22699928283691406 3.54500007629394531 3.89899921417236328 4.29099941253662109 4.71999931335449219 5.18699932098388672 5.68699932098388672 6.21699953079223633 6.76999950408935547 7.33999967575073242 7.92199945449829102 8.51000022888183594 9.10299873352050781 9.69799995422363281 10.2939996719360352 10.8929996490478516 11.4940004348754883 12.1000003814697266 12.7110004425048828 13.3310003280639648 13.9610004425048828 14.6029996871948242 15.258000373840332 15.9289999008178711 16.6159992218017578 17.3180007934570313 18.0359992980957031 18.7639999389648438 19.4979991912841797 20.2269992828369141 20.9400005340576172 21.6210002899169922 22.2560005187988281 22.8299999237060547 23.3290004730224609 23.7409992218017578 24.0529994964599609 24.2509994506835938 24.3180007934570313
2.32399940490722656 2.52999973297119141 2.75799942016601563 3.01099967956542969 3.29199981689453125 3.59999942779541016 3.93799972534179688 4.30499935150146484 4.69999980926513672 5.12099933624267578 5.56499958038330078 6.02699947357177734 6.50399971008300781 6.99099969863891602 7.48499965667724609 7.98299932479858398 8.48399925231933594 8.98699951171875 9.49100017547607422 9.99800014495849609 10.5069999694824219 11.0200004577636719 11.5389995574951172 12.0649995803833008 12.5979995727539063 13.1420001983642578 13.6969995498657227 14.2639999389648438 14.8439998626708984 15.4399995803833008 16.0489997863769531 16.6730003356933594 17.3090000152587891 17.9540004730224609 18.6009998321533203 19.2420005798339844 19.86199951171875 20.4459991455078125 20.9729995727539063 21.4230003356933594 21.7719993591308594 21.9960002899169922
2.19399929046630859 2.37899971008300781 2.5839996337890625 2.80799961090087891 3.05499935150146484 3.32399940490722656 3.61599922180175781 3.930999755859375 4.26799964904785156 4.62599945068359375 5.00099945068359375 5.3899993896484375 5.79199934005737305 6.20299959182739258 6.61999940872192383 7.04099941253662109 7.46499967575073242 7.89099931716918945 8.31799888610839844 8.74699974060058594 9.17799949645996094 9.61100006103515625 10.0480003356933594 10.4890003204345703 10.9350004196166992 11.3879995346069336 11.8470001220703125 12.3149995803833008 12.7919998168945313 13.2779998779296875 13.7749996185302734 14.2819995880126953 14.7989997863769531 15.3249998092651367 15.8579998016357422 16.3959999084472656 16.9319992065429688 17.4599990844726563 17.9680004119873047 18.4400005340576172 18.8530006408691406 19.180999755859375
2.06899929046630859 2.23600006103515625 2.41899967193603516 2.61800003051757813 2.83500003814697266 3.07100009918212891 3.32399940490722656 3.59599971771240234 3.88499927520751953 4.18999958038330078 4.50899982452392578 4.84000015258789063 5.180999755859375 5.52999973297119141 5.88399934768676758 6.24199962615966797 6.60199975967407227 6.96499967575073242 7.32899951934814453 7.69399929046630859 8.05999946594238281 8.42799949645996094 8.79699897766113281 9.16899871826171875 9.54399967193603516 9.92300033569335938 10.305999755859375 10.694000244140625 11.0869998931884766 11.4860000610351563 11.8909997940063477 12.300999641418457 12.7159996032714844 13.1350002288818359 13.5579996109008789 13.9820003509521484 14.4040002822875977 14.819000244140625 15.2220001220703125 15.6029996871948242 15.9499998092651367 16.2439994812011719
1.94999980926513672 2.10099983215332031 2.26399993896484375 2.44099998474121094 2.63299942016601563 2.83899974822998047 3.05999946594238281 3.29500007629394531 3.54500007629394531 3.80699920654296875 4.07999992370605469 4.36299991607666016 4.65399932861328125 4.95100021362304688 5.25299930572509766 5.55899953842163086 5.86699962615966797 6.17699956893920898 6.48799943923950195 6.79999971389770508 7.11199951171875 7.42599964141845703 7.73999929428100586 8.055999755859375 8.37299919128417969 8.69199943542480469 9.01299858093261719 9.33600044250488281 9.66199970245361328 9.99100017547607422 10.3210000991821289 10.6540002822875977 10.9890003204345703 11.3229999542236328 11.6560001373291016 11.9870004653930664 12.310999870300293 12.625 12.9239997863769531 13.2010002136230469 13.4460000991821289 13.6470003128051758
